bullet60_0	0	0	32	32	0	0
bullet60_1	32	0	32	32	0	0
bullet60_2	64	0	32	32	0	0
bullet60_3	96	0	32	32	0	0
bullet60_4	128	0	32	32	0	0
bullet60_5	160	0	32	32	0	0
bullet60_6	192	0	32	32	0	0
bullet60_7	224	0	32	32	0	0
bullet62_0	0	64	32	32	0	0
bullet62_1	32	64	32	32	0	0
bullet62_2	64	64	32	32	0	0
bullet62_3	96	64	32	32	0	0
bullet62_4	128	64	32	32	0	0
bullet62_5	160	64	32	32	0	0
bullet62_6	192	64	32	32	0	0
bullet62_7	224	64	32	32	0	0
bullet68_0	0	192	16	16	0	-2
bullet68_1	16	192	16	16	0	-2
bullet68_2	32	192	16	16	0	-2
bullet68_3	48	192	16	16	0	-2
bullet68_4	64	192	16	16	0	-2
bullet68_5	80	192	16	16	0	-2
bullet68_6	96	192	16	16	0	-2
bullet68_7	112	192	16	16	0	-2
bullet68_8	128	192	16	16	0	-2
bullet68_9	144	192	16	16	0	-2
bullet68_10	160	192	16	16	0	-2
bullet68_11	176	192	16	16	0	-2
bullet68_12	192	192	16	16	0	-2
bullet68_13	208	192	16	16	0	-2
bullet68_14	224	192	16	16	0	-2
bullet68_15	240	192	16	16	0	-2