bullet17-0	0	144	32	32	0	0
bullet17-1	32	144	32	32	0	0
bullet17-2	64	144	32	32	0	0
bullet17-3	96	144	32	32	0	0
MagicCircleSix	128	80	128	128	0	0
Item-3	48	208	16	16	0	0
Item-4	64	208	16	16	0	0
Item-5	80	208	16	16	0	0
Item-7	113	208	13	16	0	0
Item-8	128	208	16	16	0	-8
Item-9	144	208	16	16	0	-8
Item-10	160	208	16	16	0	-8
Item-11	176	208	16	16	0	-8
Item-12	192	208	16	16	0	-8
Item-13	208	208	16	16	0	-8
Item-14	224	208	16	16	0	-8
Item-15	240	208	16	16	0	-8
Effect-0	0	224	32	32	0	0
Effect-1	32	224	32	32	0	0
Effect-2	64	224	32	32	0	0
Effect-3	96	224	32	32	0	0
EndEnemy0	128	16	64	64	0	0
EndEnemy1	192	16	64	64	0	0
EndEnemy3	0	80	64	64	0	0
EndEnemy2	64	80	64	64	0	0
MyPlaneCenter1	0	16	64	64	0	0
MyPlaneCenter2	64	16	64	64	0	0
Effect-10	0	0	16	16	0	0
Effect-11	16	0	16	16	0	0
Effect-12	32	0	16	16	0	0
Effect-13	48	0	16	16	0	0