bullet41_0	0	32	64	64	0	0
bullet41_1	64	32	64	64	0	0
bullet41_2	128	32	64	64	0	0
bullet41_3	192	32	64	64	0	0
bullet42_0	0	128	32	32	0	0
bullet42_1	32	128	32	32	0	0
bullet42_2	64	128	32	32	0	0
bullet42_3	96	128	32	32	0	0
bullet43_0	128	128	32	32	0	0
bullet43_1	160	128	32	32	0	0
bullet43_2	192	128	32	32	0	0
bullet43_3	224	128	32	32	0	0
bullet44_0	0	208	32	32	0	0
bullet44_1	32	208	32	32	0	0
bullet44_2	64	208	32	32	0	0
bullet44_3	96	208	32	32	0	0
bullet45_0	128	208	32	32	0	0
bullet45_1	160	208	32	32	0	0
bullet45_2	192	208	32	32	0	0
bullet45_3	224	208	32	32	0	0
