bullet2_1	0	0	16	16	0	0
bullet2_3	16	0	16	16	0	0
bullet2_5	32	0	16	16	0	0
bullet2_7	48	0	16	16	0	0
bullet2_9	64	0	16	16	0	0
bullet2_13	80	0	16	16	0	0
bullet2_14	96	0	16	16	0	0
bullet2_15	112	0	16	16	0	0
bullet2_2	0	0	16	16	0	0
bullet2_4	16	0	16	16	0	0
bullet2_6	32	0	16	16	0	0
bullet2_8	48	0	16	16	0	0
bullet2_10	64	0	16	16	0	0
bullet2_12	80	0	16	16	0	0
bullet2_11	96	0	16	16	0	0
bullet2_0	112	0	16	16	0	0
bullet4_1	0	17	16	16	0	0
bullet4_3	16	17	16	16	0	0
bullet4_5	32	17	16	16	0	0
bullet4_7	48	17	16	16	0	0
bullet4_9	64	17	16	16	0	0
bullet4_13	80	17	16	16	0	0
bullet4_14	96	17	16	16	0	0
bullet4_15	112	17	16	16	0	0
bullet3_1	0	34	16	16	0	0
bullet3_3	16	34	16	16	0	0
bullet3_5	32	34	16	16	0	0
bullet3_7	48	34	16	16	0	0
bullet3_9	64	34	16	16	0	0
bullet3_13	80	34	16	16	0	0
bullet3_14	96	34	16	16	0	0
bullet3_15	112	34	16	16	0	0
bullet3_2	0	34	16	16	0	0
bullet3_4	16	34	16	16	0	0
bullet3_6	32	34	16	16	0	0
bullet3_8	48	34	16	16	0	0
bullet3_10	64	34	16	16	0	0
bullet3_12	80	34	16	16	0	0
bullet3_11	96	34	16	16	0	0
bullet3_0	112	34	16	16	0	0
bullet6_1	0	50	16	18	0	0
bullet6_3	16	50	16	18	0	0
bullet6_5	32	50	16	18	0	0
bullet6_7	48	50	16	18	0	0
bullet6_9	64	50	16	18	0	0
bullet6_13	80	50	16	18	0	0
bullet6_14	96	50	16	18	0	0
bullet6_15	112	50	16	18	0	0
bullet1_1	0	68	16	16	0	0
bullet1_3	16	68	16	16	0	0
bullet1_5	32	68	16	16	0	0
bullet1_7	48	68	16	16	0	0
bullet1_9	64	68	16	16	0	0
bullet1_13	80	68	16	16	0	0
bullet1_14	96	68	16	16	0	0
bullet1_15	112	68	16	16	0	0
bullet10_1	0	85	16	16	0	0
bullet10_3	16	85	16	16	0	0
bullet10_5	32	85	16	16	0	0
bullet10_7	48	85	16	16	0	0
bullet10_9	64	85	16	16	0	0
bullet10_13	80	85	16	16	0	0
bullet10_14	96	85	16	16	0	0
bullet10_15	112	85	16	16	0	0
bullet14_1	0	102	32	32	0	0
bullet14_2	32	102	32	32	0	0
bullet14_3	64	102	32	32	0	0
bullet14_4	96	102	32	32	0	0
bullet14_5	128	102	32	32	0	0
bullet14_6	160	102	32	32	0	0
bullet14_7	224	102	32	32	0	0
bullet14_0	224	102	32	32	0	0
bullet25_1	0	102	32	32	0	0
bullet25_2	32	102	32	32	0	0
bullet25_3	64	102	32	32	0	0
bullet25_4	96	102	32	32	0	0
bullet25_5	128	102	32	32	0	0
bullet25_6	160	102	32	32	0	0
bullet25_7	224	102	32	32	0	0
bullet25_0	224	102	32	32	0	0
bullet21_1	0	135	32	32	0	0
bullet21_2	32	135	32	32	0	0
bullet21_3	64	135	32	32	0	0
bullet21_4	96	135	32	32	0	0
bullet21_5	128	135	32	32	0	0
bullet21_6	160	135	32	32	0	0
bullet21_7	224	135	32	32	0	0
bullet21_0	224	135	32	32	0	0
bullet40_1	0	168	32	32	0	0
bullet40_2	32	168	32	32	0	0
bullet40_3	64	168	32	32	0	0
bullet40_4	96	168	32	32	0	0
bullet40_5	128	168	32	32	0	0
bullet40_6	160	168	32	32	0	0
bullet40_7	224	168	32	32	0	0
bullet40_0	224	168	32	32	0	0
bullet40_o	192	168	32	32	0	0
bullet61_1	0	201	32	32	0	-8
bullet61_2	32	201	32	32	0	-8
bullet61_3	64	201	32	32	0	-8
bullet61_4	96	201	32	32	0	-8
bullet61_5	128	201	32	32	0	-8
bullet61_6	160	201	32	32	0	-8
bullet61_7	224	201	32	32	0	-8
bullet61_0	224	201	32	32	0	-8
bullet61_1g	256	0	32	32	0	-8
bullet61_2g	288	0	32	32	0	-8
bullet61_3g	320	0	32	32	0	-8
bullet61_4g	352	0	32	32	0	-8
bullet61_5g	384	0	32	32	0	-8
bullet61_6g	416	0	32	32	0	-8
bullet61_7g	448	0	32	32	0	-8
bullet61_0g	480	0	32	32	0	-8
bullet20_1	0	234	32	32	0	2
bullet20_2	32	234	32	32	0	2
bullet20_3	64	234	32	32	0	2
bullet20_4	96	234	32	32	0	2
bullet20_5	128	234	32	32	0	2
bullet20_6	160	234	32	32	0	2
bullet20_7	224	234	32	32	0	2
bullet20_0	224	234	32	32	0	2
bullet15_1	128	0	8	8	0	0
bullet15_3	136	0	8	8	0	0
bullet15_5	144	0	8	8	0	0
bullet15_7	152	0	8	8	0	0
bullet15_9	160	0	8	8	0	0
bullet15_13	168	0	8	8	0	0
bullet15_14	176	0	8	8	0	0
bullet15_15	184	0	8	8	0	0
bullet15_0	128	9	8	8	0	0
bullet15_2	136	9	8	8	0	0
bullet15_40	144	9	8	8	0	0
bullet15_6	152	9	8	8	0	0
bullet15_8	160	9	8	8	0	0
bullet15_10	168	9	8	8	0	0
bullet15_11	176	9	8	8	0	0
bullet15_12	184	9	8	8	0	0
bullet12_1	128	0	8	8	0	0
bullet12_3	136	0	8	8	0	0
bullet12_5	144	0	8	8	0	0
bullet12_7	152	0	8	8	0	0
bullet12_9	160	0	8	8	0	0
bullet12_13	168	0	8	8	0	0
bullet12_14	176	0	8	8	0	0
bullet12_15	184	0	8	8	0	0
bullet12_0	128	9	8	8	0	0
bullet12_2	136	9	8	8	0	0
bullet12_40	144	9	8	8	0	0
bullet12_6	152	9	8	8	0	0
bullet12_8	160	9	8	8	0	0
bullet12_10	168	9	8	8	0	0
bullet12_11	176	9	8	8	0	0
bullet12_12	184	9	8	8	0	0
bullet7_1	128	18	16	16	0	0
bullet7_3	144	18	16	16	0	0
bullet7_5	160	18	16	16	0	0
bullet7_7	176	18	16	16	0	0
bullet7_9	192	18	16	16	0	0
bullet7_13	208	18	16	16	0	0
bullet7_14	224	18	16	16	0	0
bullet7_15	240	18	16	16	0	0
bullet7_0	128	18	16	16	0	0
bullet7_2	144	18	16	16	0	0
bullet7_4	160	18	16	16	0	0
bullet7_6	176	18	16	16	0	0
bullet7_8	192	18	16	16	0	0
bullet7_10	208	18	16	16	0	0
bullet7_11	224	18	16	16	0	0
bullet7_12	240	18	16	16	0	0
bullet50_0	257	33	64	64	0	0
bullet50_1	320	33	64	64	0	0
bullet50_2	384	33	64	64	0	0
bullet50_3	448	33	64	64	0	0
bullet50_4	257	98	64	64	0	0
bullet50_5	320	98	64	64	0	0
bullet50_6	384	98	64	64	0	0
bullet50_7	448	98	64	64	0	0
bullet64_0	384	262	32	32	0	-4
bullet64_1	416	262	32	32	0	-4
bullet64_2	448	262	32	32	0	-4
bullet64_3	480	262	32	32	0	-4
bullet65_0	384	163	32	32	0	-4
bullet65_1	416	163	32	32	0	-4
bullet65_2	448	163	32	32	0	-4
bullet65_3	480	163	32	32	0	-4
bullet66_0	384	196	32	32	0	-4
bullet66_1	416	196	32	32	0	-4
bullet66_2	448	196	32	32	0	-4
bullet66_3	480	196	32	32	0	-4
bullet67_0	384	328	32	32	0	-4
bullet67_1	416	328	32	32	0	-4
bullet67_2	448	328	32	32	0	-4
bullet67_3	480	328	32	32	0	-4
bullet18-0	384	295	32	32	0	-4
bullet18-1	416	295	32	32	0	-4
bullet18-2	448	295	32	32	0	-4
bullet18-3	480	295	32	32	0	-4
bullet26_0	0	267	64	64	0	0
bullet26_1	64	267	64	64	0	0
bullet26_2	128	267	64	64	0	0
bullet26_3	192	267	64	64	0	0
bullet26_4	256	267	64	64	0	0
bullet26_5	320	267	64	64	0	0
bullet23_1	0	331	32	32	0	0
bullet23_2	32	331	32	32	0	0
bullet23_3	64	331	32	32	0	0
bullet23_4	96	331	32	32	0	0
bullet23_5	128	331	32	32	0	0
bullet23_6	160	331	32	32	0	0
bullet23_7	224	331	32	32	0	0
bullet23_0	224	331	32	32	0	0