微风「摇曳的三叶草」	0	6	196	24	0	0
星符「夏夜的晚星」	0	30	196	24	0	0
四叶「大自然之花环」	0	54	196	24	0	0
夜风「轮回的幸运之星」	0	78	196	24	0	0
魔矢「无限之箭」	0	102	196	24	0	0
魔矢「轮回的万箭」	0	126	196	24	0	0
天诏「琴引山之诏琴」	0	150	196	24	0	0
异器「琴引山之神弓」	0	174	196	24	0	0
使魔「自动狩猎装置」	0	198	196	24	0	0
魔狩「星夜的狩猎舞曲」	0	222	196	24	0	0
天箭「星之箭」	0	246	196	24	0	0
华箭「紫星之花」	0	270	196	24	0	0
秘术「龙卷旋风之箭」	0	294	196	24	0	0
火符「逼近的火焰」	0	318	196	24	0	0
火符「燃烧地狱火海」	0	342	196	24	0	0
火光「火精灵之灾」	0	366	196	24	0	0
火光「午夜的大火灾」	210	6	196	24	0	0
木灵「大屋津姬命」	210	30	196	24	0	0
木魅「津姬命」	210	54	196	24	0	0
妖符「柳下妖蝉」	210	78	196	24	0	0
绿符「柳叶风暴」	210	102	196	24	0	0
深绿「舞动的翠绿之风」	210	126	196	24	0	0
叶符「德律阿得斯的圣枝」	210	150	196	24	0	0
魔镜「幻影之境」	210	174	196	24	0	0
魔镜「虚无幽幻之境」	210	198	196	24	0	0
镜符「月季色红梦裂隙」	210	222	196	24	0	0
镜符「山吹色波纹裂隙」	210	246	196	24	0	0
镜符「璃色银河裂隙」	210	270	196	24	0	0
镜符「若竹色翠石裂隙」	210	294	196	24	0	0
阴阳「神鬼一击」	210	318	196	24	0	0
流光「幻影魔炮」	210	342	196	24	0	0
流光「幻影无限」	210	342	196	24	0	0
岚符「大孔雀暴风」	210	366	196	24	0	0
空想「恋之宣告」	210	390	196	24	0	0
辉针「闪耀万针剑」	210	414	196	24	0	0
星符「急速彗星」	210	438	196	24	0	0
秘术「遗忘之封印」	210	462	196	24	0	0
「古明地恋的消失」	210	486	196	24	0	0
虹奥义「光幕结界」	0	390	196	24	0	0
境界「三原色」	0	438	196	24	0	0
境界「新星之梦」	0	438	196	24	0	0
杀箭「新星爆炸箭」	0	462	196	24	0	0
火舞「夏夜流火」	0	486	196	24	0	0
机关「火焰发射装置」	0	510	196	24	0	0
焰机「星夜的火焰舞曲」	0	534	196	24	0	0
混沌「守护的心意」	0	558	196	24	0	0
混沌「守护之心」	0	582	196	24	0	0
焰符「原始的烈焰」	0	606	196	24	0	0
焰符「八百里的烈焰」	0	630	196	24	0	0
「星神降临仪式」	0	654	196	24	0	0
烈焰「焚秽净世」	0	678	196	24	0	0
许愿星「星火辉迹」	210	510	196	24	0	0
耀星「白夜永昼之光」	210	534	196	24	0	0
星雨「故乡之星」	210	558	196	24	0	0
星图「宇宙棋盘」	210	582	196	24	0	0
「弹幕之海」	210	606	196	24	0	0
「流星神话」	210	630	196	24	0	0
第一个愿望「无尽之财」	210	654	196	24	0	0
第二个愿望「无穷之力」	210	678	196	24	0	0
第三个愿望「永生不灭」	210	702	196	24	0	0
青符「东之国度的树叶」	0	702	196	24	0	0
柳符「新生的柳叶绿芽」	0	726	196	24	0	0
蝶恋「灿烂飞舞的幽蝶」	0	750	196	24	0	0
蝶恋「千年之愿」	0	750	196	24	0	0
风符「环形气流」	210	726	196	24	0	0
速风「双龙卷」	210	750	196	24	0	0
风切「狂风交错」	210	774	196	24	0	0
舞风「阵风螺旋」	210	798	196	24	0	0
飓风「台风眼」	210	822	196	24	0	0
天岚「逆卷神风」	210	846	196	24	0	0
「雾隐流剑技 ～ 暴风疾斩」	210	870	196	24	0	0
梦「月色琉璃光」	210	894	196	24	0	0
幽光「幻月蝶」	210	918	196	24	0	0
倒映「天之月水之月」	210	942	196	24	0	0
仙幻「月葬」	210	966	196	24	0	0
净符「月光世界」	210	990	196	24	0	0
皎符「星月炮」	210	1014	196	24	0	0
「雾隐流剑技 ～ 天地银蛇」	210	1038	196	24	0	0
绽放「爱意的玫瑰」	0	942	196	24	0	0
幻花「仙晶玉莲」	0	966	196	24	0	0
萱草「忘却之爱」	0	990	196	24	0	0
荣符「生长与枯萎的循环」	0	1014	196	24	0	0
花D「百花缭乱」	0	1038	196	24	0	0
花符「云上的花田」	0	1062	196	24	0	0
「雾隐流剑技 ～ 血染之樱」	0	1086	196	24	0	0
冬临「初雪之寒径」	0	774	196	24	0	0
仙器「太乙冰凌」	0	798	196	24	0	0
霜冻「寒霜封印」	0	822	196	24	0	0
米雪「冷云雪晶」	0	846	196	24	0	0
六花「冰结界的雪花阵」	0	870	196	24	0	0
雪幕「冰雪流凌」	0	894	196	24	0	0
「雾隐流剑技 ～ 落雪凝霜」	0	918	196	24	0	0
仙境「风花雪月」	210	1062	196	24	0	0
仙蝶「无限的彩灵」	210	1086	196	24	0	0
「未定」	210	1110	196	24	0	0
「雾隐之蝶」	210	1134	196	24	0	0
