Score	700	0	74	25	0	0
Spell	700	25	74	25	0	0
Player	700	50	74	25	0	0
Power	700	75	74	25	0	0
Graze	700	100	56	24	0	0
ItemLine	700	125	128	23	0	0
ItemLine2	700	150	128	23	0	0
x2	700	200	32	16	0	0
TotalBackground	0	0	640	480	0	0
TotalBackgroundHalf	0	0	320	480	0	0
woshibiaotihebaisi	0	544	640	480	0	0
最高得分	864	40	64	24	0	0
得分	864	64	40	24	0	0
剩余人数	864	96	72	24	0	0
SC	864	136	72	24	0	0
灵力	888	216	50	25	0	0
最大得点	888	240	80	25	0	0
擦弹	904	264	40	20	0	0
BD	865	179	64	24	0	0
InterfaceLine00	820	358	152	8	0	0
InterfaceLine01	820	379	152	8	0	0
InterfaceLine02	820	413	152	8	0	0
InterfaceLine03	820	452	152	8	0	0
InterfaceLine04	820	532	152	8	0	0
InterfaceLine05	820	556	152	8	0	0