GetSpellCardBonus	256	6	240	32	0	0
ChallengeNextStage	256	38	256	32	0	0
ItemGetBorderLine	256	166	200	40	0	0
ItemGetBorderLine01	256	328	166	8	0	0
PowerUp	304	70	112	32	0	0
FullPowerUp	256	70	160	32	0	0
Extend	262	134	88	32	0	0
Overdrive	336	278	96	16	0	0
BonusFailed	256	294	160	32	0	0
SpellExtend	208	134	142	32	0	0
Bomb	1	1	28	28	0	0
Bomb00	31	1	28	28	0	0
Bomb01	61	1	28	28	0	0
Bomb02	91	1	28	28	0	0
Bomb0d	121	1	28	28	0	0
Life	1	31	28	28	0	0
Life00	31	31	28	28	0	0
Life01	61	31	28	28	0	0
Life02	91	31	28	28	0	0
Life03	121	31	28	28	0	0
Life0d	151	31	28	28	0	0
Border	151	1	18	18	0	0
Border0d	171	1	18	18	0	0
Easy	1	61	63	26	0	0
Normal	1	89	94	30	0	0
Hard	1	121	64	29	0	0
Lunatic	1	152	95	32	0	0
Extra	1	186	72	30	0	0
borderA0	0	394	66	118	0	0
borderA1	66	394	66	118	0	0
borderA2	132	394	66	118	0	0
borderB0	198	394	66	118	0	0
borderB1	264	394	66	118	0	0
borderB2	330	394	66	118	0	0
borderC0	0	276	66	118	0	0
borderC1	66	276	66	118	0	0
borderC2	132	276	66	118	0	0