Koishi00	0	0	32	48	1	0
Koishi01	32	0	32	48	1	0
Koishi02	64	0	32	48	1	0
Koishi03	96	0	32	48	1	0
Koishi04	128	0	32	48	1	0
Koishi05	160	0	32	48	1	0
Koishi06	192	0	32	48	1	0
Koishi07	224	0	32	48	1	0
Koishi10	0	48	32	48	1	0
Koishi11	32	48	32	48	1	0
Koishi12	64	48	32	48	1	0
Koishi13	96	48	32	48	1	0
Koishi14	128	48	32	48	1	0
Koishi15	160	48	32	48	1	0
Koishi16	192	48	32	48	1	0
Koishi17	224	48	32	48	1	0
Koishi20	0	96	32	48	1	0
Koishi21	32	96	32	48	1	0
Koishi22	64	96	32	48	1	0
Koishi23	96	96	32	48	1	0
Koishi24	128	96	32	48	1	0
Koishi25	160	96	32	48	1	0
Koishi26	192	96	32	48	1	0
Koishi27	224	96	32	48	1	0
KoishiBullet	208	176	48	16	0	0
KoishiSubPlane01	71	183	19	19	0	0
KoishiSubPlane00	71	151	19	19	0	0
KoishiSubBullet01	176	176	32	16	0	0
KoishiSubBullet00	176	144	32	16	0	0