阳符「日光碎片」	0	0	158	28	0	0
阳光「闪烁碎片」	0	28	158	28	0	0
辉符「烈阳辐射」	0	56	158	28	0	0
光符「闪耀太阳花」	0	84	178	28	0	0
花符「花之旋风」	0	112	158	28	0	0
花符「阳鸟之花」	0	140	158	28	0	0
散花「幻想春花」	0	168	158	28	0	0
爆破「向日葵炸弹」	0	196	178	28	0	0
星降「毁灭流星」	0	224	158	28	0	0
幻想「向日葵世界」	0	252	178	28	0	0
水符「三途河川」	0	280	158	28	0	0
水符「镜花水月」	0	308	158	28	0	0
投钱「千金一掷」	0	336	158	28	0	0
投钱「乾坤一掷」	0	364	158	28	0	0
死歌「魂灵引渡」	0	392	158	28	0	0
彼岸花「另一个世界的花朵」	0	420	258	28	0	0
死神「怨缚灵夺魂」	256	0	178	28	0	0
秘剑「残花断月斩」	256	28	178	28	0	0
幻符「幽蝶之梦幻」	256	56	178	28	0	0
幻符「黄泉死蝶之幽梦」	256	84	218	28	0	0
开花「湛樱缤纷舞」	256	112	178	28	0	0
落樱「秒速五厘米」	256	140	178	28	0	0
夕阳「晚蝶落樱之舞」	256	168	198	28	0	0
「反魂蝶 -花开-」	256	196	168	28	0	0
