欧微风「摇曳的三叶草」	0	6	196	24	0	0
欧星符「夏夜的晚星」	0	30	196	24	0	0
欧四叶「大自然之花环」	0	54	196	24	0	0
欧夜风「轮回的幸运之星」	0	78	196	24	0	0
欧魔矢「无限之箭」	0	102	196	24	0	0
欧魔矢「轮回的万箭」	0	126	196	24	0	0
欧天诏「琴引山之诏琴」	0	150	196	24	0	0
欧异器「琴引山之神弓」	0	174	196	24	0	0
欧使魔「自动狩猎装置」	0	198	196	24	0	0
欧魔狩「星夜的狩猎舞曲」	0	222	196	24	0	0
欧天箭「星之箭」	0	246	196	24	0	0
欧华箭「紫星之花」	0	270	196	24	0	0
欧秘术「龙卷旋风之箭」	0	294	196	24	0	0
欧火符「逼近的火焰」	0	318	196	24	0	0
欧火符「燃烧地狱火海」	0	342	196	24	0	0
欧火光「火精灵之灾」	0	366	196	24	0	0
欧火光「午夜的大火灾」	230	6	196	24	0	0
欧木灵「大屋津姬命」	230	30	196	24	0	0
欧木魅「津姬命」	230	54	196	24	0	0
欧妖符「柳下妖蝉」	230	78	196	24	0	0
欧绿符「柳叶风暴」	230	102	196	24	0	0
欧深绿「舞动的翠绿之风」	230	126	196	24	0	0
欧叶符「德律阿得斯的圣枝」	230	150	196	24	0	0
欧魔镜「幻影之境」	230	174	196	24	0	0
欧魔镜「虚无幽幻之境」	230	198	196	24	0	0
欧镜符「月季色红梦裂隙」	230	222	196	24	0	0
欧镜符「山吹色波纹裂隙」	230	246	196	24	0	0
欧镜符「璃色银河裂隙」	230	270	196	24	0	0
欧镜符「若竹色翠石裂隙」	230	294	196	24	0	0
欧阴阳「神鬼一击」	230	318	196	24	0	0
欧流光「幻影魔炮」	230	342	196	24	0	0
欧流光「幻影无限」	230	342	196	24	0	0
欧岚符「大孔雀暴风」	230	366	196	24	0	0
欧空想「恋之宣告」	230	390	196	24	0	0
欧辉针「闪耀万针剑」	230	414	196	24	0	0
欧星符「急速彗星」	230	438	196	24	0	0
欧秘术「遗忘之封印」	230	462	196	24	0	0
欧「古明地恋的消失」	230	486	196	24	0	0
欧虹奥义「光幕结界」	0	390	196	24	0	0
欧境界「三原色」	0	438	196	24	0	0
欧境界「新星之梦」	0	438	196	24	0	0
欧杀箭「新星爆炸箭」	0	462	196	24	0	0
欧火舞「夏夜流火」	0	486	196	24	0	0
欧机关「火焰发射装置」	0	510	196	24	0	0
欧焰机「星夜的火焰舞曲」	0	534	196	24	0	0
欧混沌「守护的心意」	0	558	196	24	0	0
欧混沌「守护之心」	0	582	196	24	0	0
欧焰符「原始的烈焰」	0	606	196	24	0	0
欧焰符「八百里的烈焰」	0	630	196	24	0	0
欧「星神降临仪式」	0	654	196	24	0	0
欧烈焰「焚秽净世」	0	678	196	24	0	0
欧许愿星「星火辉迹」	230	510	196	24	0	0
欧耀星「白夜永昼之光」	230	534	196	24	0	0
欧星雨「故乡之星」	230	558	196	24	0	0
欧星图「宇宙棋盘」	230	582	196	24	0	0
欧「弹幕之海」	230	606	196	24	0	0
欧「流星神话」	230	630	196	24	0	0
欧第一个愿望「无尽之财」	230	654	196	24	0	0
欧第二个愿望「无穷之力」	230	678	196	24	0	0
欧第三个愿望「永生不灭」	230	702	196	24	0	0
欧青符「东之国度的树叶」	0	702	196	24	0	0
欧柳符「新生的柳叶绿芽」	0	726	196	24	0	0
欧蝶恋「灿烂飞舞的幽蝶」	0	750	196	24	0	0
欧蝶恋「千年之愿」	0	750	196	24	0	0
欧风符「环形气流」	230	726	196	24	0	0
欧速风「双龙卷」	230	750	196	24	0	0
欧风切「狂风交错」	230	774	196	24	0	0
欧舞风「阵风螺旋」	230	798	196	24	0	0
欧飓风「台风眼」	230	822	196	24	0	0
欧天岚「逆卷神风」	230	846	196	24	0	0
欧「雾隐流剑技 ～ 暴风疾斩」	230	870	196	24	0	0
欧梦「月色琉璃光」	230	894	196	24	0	0
欧幽光「幻月蝶」	230	918	196	24	0	0
欧倒映「天之月水之月」	230	942	196	24	0	0
欧仙幻「月葬」	230	966	196	24	0	0
欧净符「月光世界」	230	990	196	24	0	0
欧皎符「星月炮」	230	1014	196	24	0	0
欧「雾隐流剑技 ～ 天地银蛇」	230	1038	196	24	0	0
欧绽放「爱意的玫瑰」	0	942	196	24	0	0
欧幻花「仙晶玉莲」	0	966	196	24	0	0
欧萱草「忘却之爱」	0	990	196	24	0	0
欧荣符「生长与枯萎的循环」	0	1014	196	24	0	0
欧花D「百花缭乱」	0	1038	196	24	0	0
欧花符「云上的花田」	0	1062	196	24	0	0
欧「雾隐流剑技 ～ 血染之樱」	0	1086	196	24	0	0
欧冬临「初雪之寒径」	0	774	196	24	0	0
欧仙器「太乙冰凌」	0	798	196	24	0	0
欧霜冻「寒霜封印」	0	822	196	24	0	0
欧米雪「冷云雪晶」	0	846	196	24	0	0
欧六花「冰结界的雪花阵」	0	870	196	24	0	0
欧雪幕「冰雪流凌」	0	894	196	24	0	0
欧「雾隐流剑技 ～ 落雪凝霜」	0	918	196	24	0	0
欧仙境「风花雪月」	230	1062	196	24	0	0
欧仙蝶「无限的彩灵」	230	1086	196	24	0	0
欧「未定」	230	1110	196	24	0	0
欧「雾隐之蝶」	230	1134	196	24	0	0
???	0	1163	280	28	0	0
