Menu_Start	20	14	150	30	0	0
Menu_ExtraStart	20	44	150	30	0	0
Menu_Practice	20	74	150	30	0	0
DMenu_ExtraStart	350	44	150	30	0	0
DMenu_Practice	350	74	150	30	0	0
Menu_SpellPractice	20	104	150	30	0	0
Menu_Replay	20	134	150	30	0	0
Menu_PlayerData	20	164	150	30	0	0
Menu_MusicRoom	20	194	150	30	0	0
Menu_Option	20	224	150	30	0	0
Menu_Manual	20	254	150	30	0	0
Menu_Quit	20	284	150	30	0	0
Menu_Exit	20	284	150	30	0	0
Menu_BGM_Vol	20	314	150	30	0	0
Menu_SE_Vol	20	344	150	30	0	0
Stage01	173	19	90	30	0	0
Stage02	173	49	90	30	0	0
Stage03	173	79	90	30	0	0
Stage04	173	109	90	30	0	0
Stage05	173	139	90	30	0	0
Stage06	173	169	90	30	0	0
DStage01	173	229	90	30	0	0
DStage02	173	259	90	30	0	0
DStage03	173	289	90	30	0	0
DStage04	173	319	90	30	0	0
DStage05	173	349	90	30	0	0
DStage06	173	379	90	30	0	0
StageEx	173	199	90	30	0	0
Boss01	273	19	80	30	0	0
Boss02	273	49	80	30	0	0
Boss03	273	79	80	30	0	0
Boss04	273	109	80	30	0	0
Boss05	273	139	80	30	0	0
Boss06	273	169	80	30	0	0
DBoss01	273	229	80	30	0	0
DBoss02	273	259	80	30	0	0
DBoss03	273	289	80	30	0	0
DBoss04	273	319	80	30	0	0
DBoss05	273	349	80	30	0	0
DBoss06	273	379	80	30	0	0
selectframe	1	209	302	22	0	0