EnemyC1_0	0	0	48	32	0	0
EnemyC1_1	48	0	48	32	0	0
EnemyC1_2	96	0	48	32	0	0
EnemyC1_3	144	0	48	32	0	0
EnemyC1_4	0	32	48	32	0	0
EnemyC1_5	48	32	48	32	0	0
EnemyC1_6	96	32	48	32	0	0
EnemyC1_7	144	32	48	32	0	0
EnemyC1_8	0	64	48	32	0	0
EnemyC1_9	48	64	48	32	0	0
EnemyC1_A	96	64	48	32	0	0
EnemyC1_B	144	64	48	32	0	0
EnemyC0_0	0	96	48	32	0	0
EnemyC0_1	48	96	48	32	0	0
EnemyC0_2	96	96	48	32	0	0
EnemyC0_3	144	96	48	32	0	0
EnemyC0_4	0	128	48	32	0	0
EnemyC0_5	48	128	48	32	0	0
EnemyC0_6	96	128	48	32	0	0
EnemyC0_7	144	128	48	32	0	0
EnemyC0_8	0	160	48	32	0	0
EnemyC0_9	48	160	48	32	0	0
EnemyC0_A	96	160	48	32	0	0
EnemyC0_B	144	160	48	32	0	0
EnemyC2_0	320	0	48	48	0	0
EnemyC2_1	368	0	48	48	0	0
EnemyC2_2	416	0	48	48	0	0
EnemyC2_3	464	0	48	48	0	0
EnemyC2_4	320	48	48	48	0	0
EnemyC2_5	368	48	48	48	0	0
EnemyC2_6	416	48	48	48	0	0
EnemyC2_7	464	48	48	48	0	0
EnemyC2_8	320	96	48	48	0	0
EnemyC2_9	368	96	48	48	0	0
EnemyC2_A	416	96	48	48	0	0
EnemyC2_B	464	96	48	48	0	0
EnemyC3_0	320	144	48	48	0	0
EnemyC3_1	368	144	48	48	0	0
EnemyC3_2	416	144	48	48	0	0
EnemyC3_3	464	144	48	48	0	0
EnemyC3_4	320	192	48	48	0	0
EnemyC3_5	368	192	48	48	0	0
EnemyC3_6	416	192	48	48	0	0
EnemyC3_7	464	192	48	48	0	0
EnemyC3_8	320	240	48	48	0	0
EnemyC3_9	368	240	48	48	0	0
EnemyC3_A	416	240	48	48	0	0
EnemyC3_B	464	240	48	48	0	0
