EnemyA1_0	128	0	32	32	0	0
EnemyA1_1	160	0	32	32	0	0
EnemyA1_2	192	0	32	32	0	0
EnemyA1_3	224	0	32	32	0	0
EnemyA1_4	128	32	32	32	0	0
EnemyA1_5	160	32	32	32	0	0
EnemyA1_6	192	32	32	32	0	0
EnemyA1_7	224	32	32	32	0	0
EnemyA1_8	128	64	32	32	0	0
EnemyA1_9	160	64	32	32	0	0
EnemyA1_A	192	64	32	32	0	0
EnemyA1_B	224	64	32	32	0	0
EnemyA0_0	0	0	32	32	0	0
EnemyA0_1	32	0	32	32	0	0
EnemyA0_2	64	0	32	32	0	0
EnemyA0_3	96	0	32	32	0	0
EnemyA0_4	0	32	32	32	0	0
EnemyA0_5	32	32	32	32	0	0
EnemyA0_6	64	32	32	32	0	0
EnemyA0_7	96	32	32	32	0	0
EnemyA0_8	0	64	32	32	0	0
EnemyA0_9	32	64	32	32	0	0
EnemyA0_A	64	64	32	32	0	0
EnemyA0_B	96	64	32	32	0	0
EnemyA2_0	0	96	32	32	0	0
EnemyA2_1	32	96	32	32	0	0
EnemyA2_2	64	96	32	32	0	0
EnemyA2_3	96	96	32	32	0	0
EnemyA2_4	0	128	32	32	0	0
EnemyA2_5	32	128	32	32	0	0
EnemyA2_6	64	128	32	32	0	0
EnemyA2_7	96	128	32	32	0	0
EnemyA2_8	0	160	32	32	0	0
EnemyA2_9	32	160	32	32	0	0
EnemyA2_A	64	160	32	32	0	0
EnemyA2_B	96	160	32	32	0	0
EnemyA3_0	128	96	32	32	0	0
EnemyA3_1	160	96	32	32	0	0
EnemyA3_2	192	96	32	32	0	0
EnemyA3_3	224	96	32	32	0	0
EnemyA3_4	128	128	32	32	0	0
EnemyA3_5	160	128	32	32	0	0
EnemyA3_6	192	128	32	32	0	0
EnemyA3_7	224	128	32	32	0	0
EnemyA3_8	128	160	32	32	0	0
EnemyA3_9	160	160	32	32	0	0
EnemyA3_A	192	160	32	32	0	0
EnemyA3_B	224	160	32	32	0	0
EnemyA5_0	128	0	32	32	0	0
EnemyA5_1	160	0	32	32	0	0
EnemyA5_2	192	0	32	32	0	0
EnemyA5_3	224	0	32	32	0	0
EnemyA5_4	128	32	32	32	0	0
EnemyA5_5	160	32	32	32	0	0
EnemyA5_6	192	32	32	32	0	0
EnemyA5_7	224	32	32	32	0	0
EnemyA5_8	128	64	32	32	0	0
EnemyA5_9	160	64	32	32	0	0
EnemyA5_A	192	64	32	32	0	0
EnemyA5_B	224	64	32	32	0	0
EnemyA4_0	0	0	32	32	0	0
EnemyA4_1	32	0	32	32	0	0
EnemyA4_2	64	0	32	32	0	0
EnemyA4_3	96	0	32	32	0	0
EnemyA4_4	0	32	32	32	0	0
EnemyA4_5	32	32	32	32	0	0
EnemyA4_6	64	32	32	32	0	0
EnemyA4_7	96	32	32	32	0	0
EnemyA4_8	0	64	32	32	0	0
EnemyA4_9	32	64	32	32	0	0
EnemyA4_A	64	64	32	32	0	0
EnemyA4_B	96	64	32	32	0	0
EnemyA6_0	0	96	32	32	0	0
EnemyA6_1	32	96	32	32	0	0
EnemyA6_2	64	96	32	32	0	0
EnemyA6_3	96	96	32	32	0	0
EnemyA6_4	0	128	32	32	0	0
EnemyA6_5	32	128	32	32	0	0
EnemyA6_6	64	128	32	32	0	0
EnemyA6_7	96	128	32	32	0	0
EnemyA6_8	0	160	32	32	0	0
EnemyA6_9	32	160	32	32	0	0
EnemyA6_A	64	160	32	32	0	0
EnemyA6_B	96	160	32	32	0	0
EnemyA7_0	128	96	32	32	0	0
EnemyA7_1	160	96	32	32	0	0
EnemyA7_2	192	96	32	32	0	0
EnemyA7_3	224	96	32	32	0	0
EnemyA7_4	128	128	32	32	0	0
EnemyA7_5	160	128	32	32	0	0
EnemyA7_6	192	128	32	32	0	0
EnemyA7_7	224	128	32	32	0	0
EnemyA7_8	128	160	32	32	0	0
EnemyA7_9	160	160	32	32	0	0
EnemyA7_A	192	160	32	32	0	0
EnemyA7_B	224	160	32	32	0	0