Marisa00	0	0	32	48	0	0
Marisa01	32	0	32	48	0	0
Marisa02	64	0	32	48	0	0
Marisa03	96	0	32	48	0	0
Marisa04	128	0	32	48	0	0
Marisa05	160	0	32	48	0	0
Marisa06	192	0	32	48	0	0
Marisa07	224	0	32	48	0	0
Marisa10	0	48	32	48	0	0
Marisa11	32	48	32	48	0	0
Marisa12	64	48	32	48	0	0
Marisa13	96	48	32	48	0	0
Marisa14	128	48	32	48	0	0
Marisa15	160	48	32	48	0	0
Marisa16	192	48	32	48	0	0
Marisa17	224	48	32	48	0	0
Marisa20	0	96	32	48	0	0
Marisa21	32	96	32	48	0	0
Marisa22	64	96	32	48	0	0
Marisa23	96	96	32	48	0	0
Marisa24	128	96	32	48	0	0
Marisa25	160	96	32	48	0	0
Marisa26	192	96	32	48	0	0
Marisa27	224	96	32	48	0	0
MarisaBullet00	0	144	32	16	0	0
MarisaSubBullet00	0	164	256	26	0	0
MarisaSubPlane	32	144	16	16	0	0
