Reimu00	0	0	32	48	0	0
Reimu01	32	0	32	48	0	0
Reimu02	64	0	32	48	0	0
Reimu03	96	0	32	48	0	0
Reimu04	128	0	32	48	0	0
Reimu05	160	0	32	48	0	0
Reimu06	192	0	32	48	0	0
Reimu07	224	0	32	48	0	0
Reimu10	0	48	32	48	0	0
Reimu11	32	48	32	48	0	0
Reimu12	64	48	32	48	0	0
Reimu13	96	48	32	48	0	0
Reimu14	128	48	32	48	0	0
Reimu15	160	48	32	48	0	0
Reimu16	192	48	32	48	0	0
Reimu17	224	48	32	48	0	0
Reimu20	0	96	32	48	0	0
Reimu21	32	96	32	48	0	0
Reimu22	64	96	32	48	0	0
Reimu23	96	96	32	48	0	0
Reimu24	128	96	32	48	0	0
Reimu25	160	96	32	48	0	0
Reimu26	192	96	32	48	0	0
Reimu27	224	96	32	48	0	0
ReimuBullet	192	144	64	16	0	0
ReimuSubPlane	128	144	16	16	0	0
ReimuSubBullet	0	176	16	16	0	0
MaruBullet	0	208	64	16	0	0